38283
2250
86511
82608
2077
87904
32634
69661
69655
69027
45255
94092
68533
64662
12571
88208
44849
45239
34358
75299
65807
33838
13100
69310
91697
63767
44436
70948
91839
23913
64144
21255
67673
85097
25001
8260
83111
86429
68553
70882
58477
24704
67303
45879
57807
30782
27356
55804
78180
47475
56571
95883
71245
74977
59894
6408
52122
77099
99744
94751
49320
27853
74130
18693
19893
12683
40493
91687
63025
13277
68086
99449
11458
29893
52565
50729
26641
51085
59297
73607
68204
34824
37298
95179
59733
9948
37727
33875
38103
66168
95229
46550
46429
5706
80758
38842
23271
1248
31380
96789
75152
67627
77607
16259
14599
2279
16032
3581
17882
81240
51456
57969
87521
55493
41301
39633
25323
54027
19890
47004
64505
15860
449
93534
77763
9986
68644
2554
61597
16007
91701
72479
45245
77406
19802
63467
50291
33926
85347
68305
70822
56500
75140
35156
44500
8799
66349
90120
62627
81921
93188
10067
78206
80935
84021
84816
75145
48206
50052
54620
31992
13473
46286
73253
5881
41625
50250
57085
40937
52950
11578
45457
34111
40754
40831
56954
85054
25072
50805
82007
27119
83676
65373
75701
752
59902
29319
23307
66330
88933
46364
91326
27453
17316
16996
78449
32393
59972
3977
21393
91801
81705
2192
39511
64950
47480
26004
36023
79591
38763
51266
2715
94551
71927
98624
54604
4337
27161
31199
75401
43150
99934
99888
24711
90339
17440
81548
98570
26334
31883
34453
19697
1095
2061
71850
83949
63953
11021
12711
35421
36085
75238
49257
10057
5654
54663
91359
47561
55843
56423
624
40853
13572
13888
51459
67245
93686
6809
30435
97184
58465
67439
92276
86542
70229
67722
54346
19446
50995
43930
42494
84611
7076
70597
4927
44028
27255
45047
79887
97471
56036
99402
43715
58456
75943
93714
71069
20225
7007
31265
39856
78759
48826
57856
3866
74169
36753
45188
52799
40683
29292
69183
52474
74672
47617
17335
33741
61465
38007
65768
68373
99239
84936
70019
96529
91025
28433
89745
32335
68948
222
27727
7979
84547
31787
39622
76897
22517
94660
79850
82230
29113
97569
34532
73447
35725
71250
36994
43008
96602
88451
94587
50832
43016
22671
41552
90382
69862
33187
53833
15935
74778
71642
43668
31746
93651
82100
73689
21952
73005
52775
1057
9531
9093
27221
33254
7321
35524
52670
45137
17198
76912
45536
53929
73263
60231
9395
476
78744
56005
29749
42001
9123
33705
71332
6871
66838
62748
93194
52811
36444
54921
65032
36363
32767
23904
60531
3404
86213
39165
40950
76547
27575
28675
31385
33837
6394
70946
84286
37045
71675
12079
57847
52338
81356
67048
88148
34550
73063
89680
56736
74875
39139
5813
24811
33790
25993
72916
86128
75314
32359
62311
6878
23385
77057
75832
65539
16820
83212
87326
600
10589
307
6982
65684
98663
39574
34104
47770
92491
54882
25309
71250
92053
98811
23976
85360
91540
50917
42307
35250
43097
56286
56806
34386
81611
33243
85844
79787
73994
74015
7960
41503
26692
4777
42473
63159
76115
34468
89897
40775
10198
56966
33908
15305
42872
32032
27018
43130
1588
22883
62295
23618
77703
99690
8577
72929
42180
5604
16353
95223
20128
81231
26236
39404
32727
48925
26646
70674
54589
88090
65834
87820
54386
34715
5441
99743
68717
29320
96688
87550
79855
13248
14021
89002
29309
94058
80642
28678
33118
32708
95122
28729
49632
15332
14412
29269
3101
29692
77061
36453
97800
4484
16075
5113
93740
23789
55833
93500
86617
32395
97138
2340
77012
24032
61223
69312
24913
56249
45560
96236
7895
4555
59428
74977
78859
71247
43765
83361
28477
1356
68125
79741
65589
91643
80358
46433
97014
685
28390
38042
15352
45867
41182
5958
16191
76501
98781
92357
84308
34950
83639
15316
90017
93387
494
99919
49887
81544
4638
24052
79875
2855
90574
83024
89773
94433
70952
16866
82712
9574
77562
79638
81734
3836
55562
31275
38656
98874
10121
39061
11669
59993
34543
73296
46473
24779
63721
78965
70035
20644
83124
83864
40308
92793
88800
30757
62305
39075
64169
47573
3247
70516
8573
65187
33397
99803
36345
49287
98967
35773
40411
57326
42328
8212
93842
19651
27655
23996
64080
56295
20763
65992
45713
11810
83068
15524
65394
98987
90875
42153
22848
6303
45233
59740
52381
89398
32260
2365
96410
31058
6975
95879
30159
53716
42720
75725
10285
72241
74373
3939
60973
38165
10462
93993
5098
43434
36956
11673
11352
37519
62424
8383
48506
10757
14700
3215
83487
69431
20207
7832
2641
22003
11177
64701
28359
36930
99091
50343
46168
75460
90446
98764
42625
3686
89080
65896
5563
52768
56605
28470
84414
13687
83644
11009
28265
98354
20794
9757
23240
42313
70414
29525
49272
58608
36909
59306
12562
57346
78663
13781
29602
85190
70676
61337
93574
40604
38287
87462
58165
50095
54101
85379
44043
18222
13327
35287
21760
7541
89338
43995
65099
56712
54130
2082
87749
71210
1971
56325
34501
9781
45541
3631
77741
32538
9010
13081
74002
24202
29277
55234
21148
8186
77221
79191
18719
23753
78108
94118
80504
17106
41821
11518
2781
92443
74674
10277
52957
86074
1992
46653
55418
29397
99992
71240
16433
11709
16019
12057
36979
52090
32809
86754
44811
75272
26379
81926
43118
78304
88204
65006
87795
26722
60921
82520
4132
61103
3216
24892
11978
36026
12966
11566
56185
37118
81708
73417
34729
97704
30510
77645
14464
42142
83416
54893
57409
78137
57502
6442
80021
58467
94482
69983
30946
26857
29458
57549
72212
33918
58175
36066
73897
63921
27960
64694
6161
84918
55546
23381
76464
13891
71641
81905
79483
57255
87487
87690
60568
33945
9685
27558
56908
94776
80110
45867
68638
43349
24456
59542
7990
11921
23892
30708
47796
30223
6846
63220
43909
55437
57063
10910
94696
52101
34644
91980
93785
48311
37269
2700
66829
61326
49180
63535
64417
11120
84695
7108
89471
12043
21595
1540
9470
20670
61697
78284
11828
43093
46007
46766
46909
75307
41561
42444
64301
33412
70378
4990
86942
12143
29456
95432
24355
93026
14171
97707
30224
12584
2419
65145
21826
47468
2415
62158
65729
31663
34863
29145
24872
15450
53679
31579
86848
40066
95237
5733
84403
73504
71092
751
81624
7332
75582
63098
4193
20415
19894
70253
94031
29108
12401
94840
20324
22708
77648
15781
30785
28358
50825
25291
71710
187
63396
32192
70929
62369
65697
17250
69741
40388
22293
33045
32864
9563
65668
58084
6231
68523
31365
86367
73495
27931
71955
74554
22093
8435
50016
36996
76579
52422
8435
53375
79209
90923
7049
62320
4382
92975
51562
58621
30556
52239
81660
26690
12850
33175
34592
95137
56569
98493
55266
46340
27161
54206
21616
56784
64069
7198
60445
61310
19686
36086
26940
65763
30779
17601
57099
71529
60929
67390
95232
37593
21752
57458
91149
76302
95141
17057
32159
72347
50004
19968
55422
59389
93832
32026
53070
62652
16957
90571
38203
5736
13052
16161
79564
47539
64746
32010
54513
64585
38168
11075
86922
80183
70256
72809
28597
24069
9998
49786
41938
69991
26259
88504
77849
55225
4053
84878
34836
10481
9805
69682
24362
68154
19278
66782
21449
30830
61096
32060
57993
38057
10653
28918
44955
77869
75957
87012
30675
53433
70857
42578
31992
66707
81687
47574
24982
32930
34117
52733
25218
21743
89055
36064
91319
90033
33517
17197
24982
1455
43074
62386
50038
97583
659
76956
41803
98031
7157
74208
63076
91282
15852
3568
28909
24426
58723
24447
78488
43040
76832
88283
32916
25692
16519
20387
61253
65813
65596
20841
72996
23368
56041
43096
58266
36887
69391
51528
93500
8098
88666
29566
86071
32974
26763
70815
81037
19290
42653
71205
42606
90031
6705
15706
51986
39631
98780
79932
41450
32136
99187
86170
58417
56471
75432
7123
98808
9891
32184
39271
67743
41709
83537
88377
42794
33998
66165
99016
39932
28695
56630
41399
31098
75313
9968
80167
8850
41942
96892
27499
74282
20929
90834
44239
66685
193
38000
6509
41219
52664
38268
11656
4244
82793
83588
99741
19225
4410
16254
84064
82464
13537
62103
39916
56368
57189
66630
59676
77572
2958
74218
15883
79730
3912
92784
49361
13296
14659
33212
63042
9328
92001
8981
7527
69741
8444
98760
69718
24081
44321
42238
85320
88468
53443
39202
24258
78026
9307
64327
25919
84507
32142
88883
54819
85744
3808
70790
9959
10865
81463
85539
22786
34917
66205
94736
86483
24680
66472
67706
50512
86067
23234
43175
23695
8921
42064
49518
23040
80313
13503
25610
63936
27448
78326
12655
84317
39263
29944
83009
7121
59293
66978
17205
41128
40790
28096
27452
47756
37445
82614
33828
3828
18366
53955
15597
24729
69332
14273
60165
12713
13006
47977
91503
97206
12924
45587
25885
13769
26862
39029
9018
88159
5333
60411
72457
40576
16881
81448
13302
75640
90954
93949
54360
43071
26257
39999
22294
3877
10204
18717
27053
90588
7308
55870
78666
51258
41170
80011
66969
10620
4938
54457
75550
68116
24768
97983
91339
56463
68503
9277
13041
62430
58120
98710
59053
57320
98049
60227
38993
6258
35744
14082
55994
29145
63312
10837
28669
7850
48518
92631
68210
6644
46034
74842
57248
44714
41227
98708
62821
19836
57732
94165
21748
81477
74538
3403
8862
9379
17474
5041
21550
62209
49125
75325
56483
27796
34157
28472
66379
82507
44617
59779
16984
58999
87651
44856
93640
95199
83978
88392
18190
13801
49475
76527
31516
48462
62494
24600
91647
63482
16908
98516
90403
775
34797
34446
32
5493
37379
6092
3615
90068
21950
94676
81146
73113
581
87225
51804
25417
18797
65059
6346
74306
11208
43186
21889
26491
99445
36823
52361
55630
11607
26960
99652
4564
1639
78065
26198
92382
22357
84294
22079
52944
35569
47416
45708
81949
31967
62823
83588
54261
20803
44934
76156
68838
5933
52541
89465
35919
55149
47538
57450
18966
29717
88448
62572
16834
1501
36219
21075
28293
32633
56174
66435
10541
30359
34905
53841
57833
37514
10809
82189
87040
79450
27106
37624
48485
84299
73602
68720
25433
31522
54469
96900
72646
20905
99543
77678
88304
66216
68042
76259
36701
82750
72795
23160
44581
39191
85204
34979
32220
26487
73673
53738
50086
80254
77591
14548
95846
36751
30835
37259
32516
36418
75187
60111
89622
54286
29556
58485
14017
98398
8594
61215
23174
29880
88326
96832
53444
58087
71931
36478
49372
84276
79176
16465
13771
18175
42586
26260
59498
50696
46721
3711
39115
48346
75446
42269
55949
19194
43278
44153
34101
93659
53090
54721
55583
92131
8947
70041
72439
85279
23314
5218
73524
98482
50397
59290
12369
46534
64942
2073
8767
80598
60989
42178
1560
59249
85223
44339
11133
73566
31395
56145
92920
72636
74217
58359
2148
39469
51388
94628
6273
63760
76827
49430
26723
87621
25810
21797
31802
63940
61972
94291
35627
91720
50647
67853
24622
80757
7137
48881
358
94651
16694
92958
19136
5239
80474
93559
68788
57738
70571
27187
29184
80506
668
32725
32425
57467
54930
57500
28601
50180
87269
58161
7277
38948
55022
4476
37325
11450
29598
30755
27634
14649
6083
33369
99529
90327
59017
71555
58388
15856
94318
79769
76256
79870
6733
43247
93976
75858
62107
39060
84041
54380
20080
83807
7181
78766
62369
22458
28696
3331
1400
87168
85910
809
64866
18966
57273
90498
34315
21169
7176
82441
41647
9390
12412
42875
77128
79667
93937
30411
97529
55044
32958
37733
71813
14477
918
4664
26039
9881
10828
98190
5643
67419
51551
76672
59056
94084
19748
59898
43251
42279
29227
18943
82772
60161
10821
50422
85031
9766
60677
47063
59080
68041
15601
68695
1162
8938
28935
49808
11036
64390
30472
22477
36914
86870
85043
67119
91068
26709
94020
46718
66778
27732
70455
60973
8358
54339
46570
28008
58146
82218
23176
68909
10781
61895
39812
23505
73601
91851
5673
13347
30147
22586
13915
33819
64873
79977
60175
88578
78706
76455
27962
61448
14175
91917
85066
46771
61670
40592
83301
93107
14136
89187
83087
80896
86354
31415
86137
12454
6654
70235
45207
49737
59343
91226
50075
88613
99400
10438
9960
4183
30476
82596
23163
56751
87034
52814
89217
73970
70607
39928
86763
85558
29405
40973
4419
87380
21241
39116
33896
5347
19069
76951
11069
69672
73084
19101
7979
97955
81298
8201
20513
56116
39430
39369
60973
76249
52057
6841
30203
54581
16163
47541
23803
61107
46071
37026
84388
60592
18468
57896
52661
95354
70769
43228
27845
2480
99206
41007
43774
41458
19369
69103
66608
54236
63899
5684
17987
1138
23907
85190
76609
52341
7239
30416
83166
75839
10478
1813
38692
7721
28081
19510
26276
37645
82403
78161
67760
78466
34737
32149
59164
16432
83382
47557
56720
23661
69166
31018
811
83998
45926
10883
91651
11368
59330
31733
7065
36243
14783
47487
27162
57054
64548
10571
87888
44114
93496
76537
76087
20145
38692
32019
13028
158
2192
72287
42821
78111
55584
53845
41874
96996
27242
20628
97736
10571
67106
37353
45815
79646
36210
92577
60780
58254
76125
24705
68234
32445
34574
19830
29967
59080
88314
75925
3219
76355
61682
79433
86038
16604
84231
27544
91068
39761
66750
67302
76491
85148
95913
2908
8745
86175
24091
68097
28200
35254
80145
96492
15578
3724
75539
40450
25012
83731
2114
4907
74643
55289
83986
91086
74744
96368
42494
47739
20632
79853
87756
77964
58814
59015
33269
91787
11902
82583
29110
21753
79175
37461
19675
28960
18811
98587
13743
69549
43569
70798
83811
7499
31652
73708
14520
64426
79242
28076
79502
17482
53202
62297
5659
50988
66713
22451
88736
1661
22933
69853
33149
18096
99392
39636
87827
35341
78247
42006
1558
49088
22153
24969
57890
6662
39702
43958
47607
79048
68696
74731
71892
70835
37337
13458
56354
31787
32354
91378
64253
39557
54488
23461
17438
34404
22940
68313
24687
49523
50263
4380
60406
80392
24866
75865
47477
73120
68598
88291
36376
79006
424
68105
74379
21885
90291
3082
49610
74287
40497
92740
8864
18170
28127
35526
10524
74631
71536
53856
4417
42728
94327
18963
92984
95030
32435
38386
57579
85837
24796
37322
97113
92613
55891
79977
56026
39503
46908
93138
90469
53575
74140
98056
77847
17484
66181
18908
80732
23790
66394
57173
83840
10689
21293
96985
40640
77067
10462
22386
12614
19834
36444
59993
24803
44467
4411
70375
32093
64041
91022
38011
86079
9552
93424
73658
5231
37520
26513
73426
43780
22646
79998
71217
82379
55447
467
55215
53490
3707
50601
24881
17663
63539
55323
47354
42439
41407
28641
80487
70654
91426
30997
31598
39292
57788
82441
235
25925
85538
57042
52872
6817
62716
19402
16982
16688
72962
30706
42643
44656
70771
20607
79483
3419
33660
24976
28964
53410
63051
49864
11987
30928
30520
8586
1949
22787
11774
70398
69917
16352
25410
54217
26380
10658
63562
40423
21083
10025
54716
87719
83704
64470
39969
20566
34861
72724
62934
59518
49439
78166
98778
35526
51026
64895
803
80068
50377
97809
63471
38759
6790
60965
51766
4348
26158
37503
9353
35079
79412
46587
61784
72181
66583
43656
68711
37277
48499
71128
66266
50826
42753
6104
63665
78205
16805
10819
40908
10481
20754
23520
4483
50437
15433
18795
26480
38179
24508
91452
4379
59594
86436
9959
20557
53659
27114
35168
8737
88721
69695
7358
32419
14013
61315
79337
42501
54129
88761
63114
43080
89668
85285
37600
68986
27651
34727
61731
39446
16835
58604
97028
59314
95325
8271
69249
33767
46839
69168
32652
8560
20960
85501
56281
72332
60424
97098
62305
69662
80225
51370
37624
56833
2670
13208
50828
61647
856
31027
50635
90619
86546
72730
744
56941
97478
60918
51082
38774
25718
4419
56027
56869
54195
14348
19762
89948
41173
98745
56332
71254
33517
11199
27194
55475
68720
43317
971
98157
41358
78533
38266
24159
87956
86096
7946
66755
12487
90220
6043
96055
65241
28102
89314
63760
21791
16606
91137
54855
37110
84928
4603
51461
99291
53265
65356
28825
43415
91500
49978
25793
84251
1329
64458
3111
68291
88224
12741
57502
96878
30628
15531
77442
85054
87332
90992
97883
34396
52804
61501
73688
59183
88606
85902
88787
86571
56213
98854
49133
21239
704
61041
8000
94237
45056
33274
26924
28813
95558
80239
43309
78079
51077
84330
60620
38501
15071
56537
53556
53906
37274
32227
96861
24262
28590
11781
28717
82047
14940
94818
49582
92945
42422
64494
20595
22430
80550
24974
71622
99360
39770
31212
70117
41862
58574
80285
68852
5547
47209
20740
52632
85619
4872
23160
63946
44394
92887
21235
9278
95744
89774
6142
8409
68233
85616
35759
18778
18858
94991
60829
16405
15123
79417
53655
93121
28734
68982
2254
5224
39951
52835
4649
15183
61477
27260
56252
5368
97759
14608
96303
99927
72897
79488
67169
67599
75853
21022
20407
51873
29869
78530
19441
84179
78529
28654
92484
88322
84418
92941
32146
4356
82696
33078
13914
18270
13802
90264
62114
29408
42798
5403
57323
5136
49572
84720
63976
87029
91840
18423
16029
31769
70417
70561
37134
60657
16125
64971
99790
47080
65546
10730
22931
96930
41350
9956
54315
1479
7926
85247
94944
67975
19005
42014
30444
96127
75866
60750
97993
2161
93823
55364
95294
2088
65934
75499
27539
23187
94382
28266
41999
89226
77636
6522
36218
25954
29579
23082
76703
53970
5671
90908
78334
14289
27658
31806
4681
98867
61933
85334
96435
97462
62096
12167
76816
75530
4593
77798
84775
99293
68385
62972
73115
13305
99348
5454
5633
31642
90464
77032
23059
20214
45759
83986
35125
85976
863
80381
56919
56742
42169
39686
1468
24019
24792
58837
85298
71039
99449
7248
30612
27243
54717
55598
24376
65318
10342
16634
69570
54882
76034
54248
9817
58615
86397
39566
54655
9566
3999
84842
94909
27798
82456
22380
11574
20914
50839
21489
45992
76123
54211
90346
72255
86362
29344
96421
54073
62521
99796
22913
85411
72008
22133
47141
39036
87907
1724
52729
79417
58917
55640
45313
46331
68973
44349
26715
24239
7119
47546
32345
12384
17071
71212
92262
76520
18735
75360
15869
37896
27637
31197
11892
46302
42791
62350
70695
7962
7426
50721
50160
42680
16579
88720
22487
19011
1106
272
73111
17280
70758
65875
95851
61332
94576
77314
188
44472
90414
31599
91903
21731
86510
18137
57788
38327
37261
85508
34366
86304
96610
87555
85971
22817
22770
21764
81082
77878
30462
74889
23826
4892
20097
75824
4108
96866
88986
41818
97337
86409
53631
87422
67428
76599
17970
97907
95202
34188
45045
34004
88863
76143
30870
11207
3671
80472
20693
10396
7909
85608
10345
79174
24929
73077
90772
96950
81841
83847
37221
88730
81028
2825
20456
12185
91844
89416
10383
87047
75535
72369
77390
1610
64037
35457
67513
10905
66047
10782
67612
61051
15950
57655
26633
46363
98549
30980
65473
90104
46759
75112
93569
24581
45341
19185
16630
4748
87083
66209
74424
90282
73486
16639
46788
83833
40700
52068
72473
97500
79533
94777
19449
68989
88946
60966
94519
54397
92878
26918
74446
34787
28307
49264
17919
23943
57231
83948
27556
64856
594
72854
78127
12975
98568
68974
99737
83750
7088
96556
86714
92879
6296
62640
96911
4251
32264
8109
89340
72997
31884
12779
70588
51702
14301
49779
68659
95374
79410
68518
74774
36326
39168
81973
16927
77302
80023
78683
43678
80386
46788
15669
11775
23501
17955
87352
40394
74855
21645
41820
78700
70904
70255
11858
36477
45325
80854
62468
82790
52487
79905
1437
70048
81705
27407
55123
43168
53587
38152
21102
18751
77159
91879
69586
13911
45480
14706
38821
74810
75868
95457
3897
1109
87539
91135
9762
50640
26908
41247
57604
51567
79759
6091
27350
28067
31760
3335
14232
14922
72718
93077
31905
60527
85164
45635
74027
58032
11913
48306
51709
76889
84320
66671
67342
95840
14680
85003
82891
78165
46262
57020
51876
72703
78214
96790
82539
29807
28669
87814
109
85454
99158
10503
85216
13439
63520
52291
838
42142
25666
9057
79061
16919
15717
6591
64766
86346
97409
11658
67848
21702
36990
48503
66529
47579
62111
10967
94462
15200
41646
96719
12440
59703
34645
45401
69327
27736
69611
95742
32305
32259
8714
54417
21426
80741
67211
35489
59275
76065
80402
60449
29399
67424
12611
51783
42487
50672
82857
74373
75885
38802
57543
4480
78050
80888
20972
82014
16336
10844
72748
35859
60494
20732
19505
22798
65051
30388
35858
80383
1276
70784
11540
55411
51843
63767
96196
94510
90139
94909
31017
41282
10882
22640
97399
50841
5037
96261
41100
94717
55924
76213
1142
86589
83555
16018
52111
20277
72345
91379
42777
86421
57504
24691
13857
75497
6183
61715
40887
41966
40639
11606
30709
74758
26568
57642
89736
78321
28418
94454
83292
3456
84322
98312
68337
47470
11955
50981
55800
27534
13216
419
77386
15672
74041
55607
48392
81957
47265
26418
74992
31428
27416
51987
71595
64342
91800
70460
1550
97479
16055
1202
85590
68721
30097
83031
35112
92118
73894
5627
64537
66302
52752
85232
68757
83237
26370
45420
58734
74373
70014
21102
11853
96992
9445
91064
33477
67228
21730
10421
79467
85551
32030
78860
68079
95706
71427
68295
54841
46502
6526
67278
51647
15213
42478
28043
108
51828
27115
32894
98090
22606
66789
78613
6954
14035
83782
49105
36969
41040
12615
47160
89546
27232
56688
9457
29984
35488
60495
68405
9414
86254
39897
93898
30495
40416
63513
31228
75308
5178
55342
49110
41045
92971
79524
18873
67716
54480
74189
88163
13976
65709
40217
86019
5742
18347
83779
88735
65197
79025
20736
55378
1335
39691
14927
66681
87758
55644
10402
96598
20447
79206
51703
69775
22634
9257
55342
23771
95158
61683
23058
51396
75038
85401
59179
51412
50786
1323
88957
62423
52383
44449
67629
21075
29832
5830
55590
18957
10174
66712
61238
37129
35427
86455
18449
96938
60693
64700
47427
16381
49599
65850
78735
99772
62678
50284
66625
7351
88584
98200
97128
35918
40791
38135
21740
6028
54194
26305
57136
47923
40491
15280
73947
24821
74855
12052
74054
39522
12768
15213
69441
64692
35731
15222
25539
16819
12391
90108
54291
20390
36229
24920
55879
15758
79984
92117
27639
93160
6257
83791
3564
67907
37331
9843
4017
85766
47256
65953
38880
73460
80384
85833
54107
39538
28913
93825
80897
40372
2248
47180
96840
76812
47225
5174
81128
98523
91381
30507
54275
17660
53280
93414
22071
59160
38510
46004
98226
54620
68641
23058
18786
70388
91576
41925
2437
71629
36376
38406
60523
9699
57720
37211
10503
21711
54761
41181
31032
70428
34364
36658
70351
47075
32065
72028
5714
18802
336
50631
66154
62401
50775
12857
75949
60306
88369
31154
31072
47156
55413
99541
61860
47973
94411
85251
64562
52786
53010
4699
98703
86645
32945
34842
60878
81313
10748
75159
7168
86093
42152
66082
75271
25790
3325
88947
54097
90512
53500
26955
55889
60300
42038
51312
23600
43598
2089
5296
37042
90443
29800
20198
95918
19972
15766
76575
24468
42694
57215
68946
60380
10813
22691
92356
17169
15317
89044
32759
48550
96728
85202
31705
13559
21603
31119
12937
14955
38610
73481
23278
27036
43894
21383
49407
45079
70329
57961
45381
42972
26530
87411
78888
43461
47306
54289
49521
52164
94316
45176
13241
51145
91585
86890
42077
68746
27529
7231
20812
21981
89224
50359
51939
55475
55261
73168
99404
76722
44866
20055
49555
82283
52230
32078
60787
7722
39467
55258
20061
3572
55729
59171
86557
75648
59081
19887
71285
11613
10524
39634
93363
21250
86481
91
93944
5866
87942
99700
50055
93762
37842
29934
33143
73515
56892
23640
73949
59265
6197
47549
51589
55388
23745
602
20434
4093
42514
29035
92556
98951
45819
56704
71028
38122
21810
43806
6841
57321
97903
65348
95841
53168
85723
51578
65603
43771
19972
44639
82149
65912
53307
4438
60213
57672
87063
26733
50215
13173
29582
23349
58517
82994
82853
32894
15389
21620
92242
31184
29096
14565
45404
70451
25380
68566
93521
9797
91096
7788
22813
89112
66067
40571
50633
86229
14547
51250
1144
43475
81522
81334
90024
44061
13332
49276
84137
32364
77972
27248
5476
98051
65387
79389
8062
29428
88951
96941
12092
84098
8702
64255
5172
40794
74353
83687
85026
89017
40210
50738
85069
59120
39787
18778
91595
2007
45410
27423
71118
66322
80794
12826
88445
84388
58230
66522
13737
51283
54976
34967
27652
24842
71653
26787
71219
9295
92144
97807
59068
76812
60842
24510
56595
76116
65040
83821
42466
76644
53418
45803
13793
22508
25149
98292
26912
40408
54110
57487
60130
53591
23321
39135
34728
91079
31653
34217
2170
99004
10685
92538
71800
89455
7304
21561
11947
50976
97009
44772
51804
38899
64391
4251
22238
70605
52770
33206
10859
50263
63171
27557
91592
34155
98712
80350
73463
17557
57981
55405
76982
75350
82595
3174
90868
42000
53994
28098
49633
56590
24402
36891
63653
54090
53201
64740
36538
22729
22373
45244
55873
52014
25752
70503
40584
11714
15674
35679
74388
66598
19118
46657
41236
53779
8336
85479
32711
11272
49138
53912
10996
2370
20320
59058
48950
13189
74836
49216
93244
65625
83827
78898
17725
60598
19257
89516
72677
94940
99576
21978
38812
39459
48082
3862
27330
33479
61640
53486
25097
8108
56978
17165
87598
92914
39529
34252
51332
49562
20087
31282
93950
48470
25867
82812
26183
48378
9978
21372
8186
76848
77052
64561
71280
55865
57272
12819
38681
76100
71786
95190
57349
7486
59363
50810
51026
51827
37370
13694
67862
28011
22221
19079
38917
82801
38729
47291
40185
84638
23461
97390
17816
65200
4297
66090
27347
91016
12149
79611
36478
54302
16103
72547
45375
98769
15783
8050
12465
67649
19439
54580
30167
2612
72566
44202
97621
54057
51773
66488
59855
78087
95711
31419
61162
45181
90139
76053
53533
22115
80858
19893
18648
26743
14000
95435
75108
26847
14361
44757
60399
62056
61274
39559
59762
84384
22125
51724
37374
66151
67190
11114
93087
40893
11526
72910
5309
29394
37088
90770
80972
36557
81960
67207
26438
70156
33498
55115
80898
33004
84800
2868
35297
31706
33957
65194
73687
94587
62412
26064
40696
90311
1425
14112
77013
57622
71416
65209
66091
76696
51366
60552
74638
81469
99763
87340
42760
57909
55727
50045
87223
25399
32010
72364
4753
27464
72738
92408
73038
82674
97112
73787
13311
47846
10792
5114
11166
53361
92129
42829
11817
59780
9100
42361
13138
35992
35706
35789
5735
87693
26467
11683
48979
85952
6680
99660
4992
37753
23820
5106
62775
1640
82914
68540
83051
80071
84303
92593
56487
70246
13092
5962
94831
29878
57080
17972
76587
90655
24409
68130
43555
82027
21419
79935
38839
72477
14868
90605
33654
85106
39480
26740
45058
66806
7069
72919
81466
50099
75644
45777
99559
95221
59412
70581
27831
81493
95838
95707
19314
17362
13350
3096
68378
93912
76892
3224
66940
65088
29747
68364
26497
22036
86071
10727
17204
82019
3800
939
6977
56916
18877
34151
30598
17609
42093
22026
86989
49746
95055
7877
61143
61081
13328
31849
45267
39153
39733
70857
34129
53328
39547
61772
82596
79931
65416
2262
62630
60382
18169
5378
42827
23790
80622
39769
30583
22707
97611
27841
76287
26486
59955
77152
25851
30868
20747
39467
69894
58084
27492
40948
59685
50881
67213
1862
90007
28423
70553
25107
20048
31635
78027
43294
81275
74845
61060
45311
499
32743
64604
18091
44771
91570
28071
92321
45217
98906
49735
80745
75254
21152
52002
31253
13160
72745
82823
36327
13238
72511
58199
47349
94303
91183
90311
5520
51945
87391
84677
87625
27512
84577
65154
27129
59269
4667
78308
15836
12710
70892
44216
17069
20878
51582
57382
11375
99875
55946
19909
44091
71200
1302
49128
2514
35632
1716
25202
7165
52646
95713
25891
74282
21818
50908
59452
67649
33012
1195
32821
22917
19795
54123
80435
43419
76574
49018
67960
48689
77285
63855
84981
45755
11469
61139
20830
51501
52812
82918
80162
44097
49411
22837
17091
75365
83016
69349
15305
23329
44452
2630
21706
23505
87770
36215
8325
67241
68603
37995
92777
80977
12325
73267
86367
151
13369
78810
28000
21839
78530
6065
45416
12549
12374
21960
94211
61539
6790
59333
74386
80523
5863
32476
12314
28836
25639
93991
70382
70803
67910
70215
28788
70348
55346
5224
70625
23631
93378
8714
51969
82504
28468
56083
45496
99641
93709
48654
21545
52695
17402
53099
56790
83606
37747
19962
91231
77657
23755
55666
21532
60974
77100
53530
49178
74570
63671
74794
9117
31851
73260
89404
51346
49838
97449
33312
12104
68983
1548
50549
89568
89879
26068
49101
71886
18543
43686
36762
35313
93044
90608
11306
12772
88621
47620
25014
56664
64069
89643
61720
41895
41464
2649
24732
53032
54284
58950
60259
29915
18805
5159
98767
63460
64438
9595
92552
14843
10326
89836
47301
27273
78899
53755
84640
59834
12829
36034
12818
90995
5452
49467
63443
3530
71025
30105
10580
15423
50380
49544
73717
82768
53616
42930
37753
94275
27022
13409
84446
33069
92054
95222
96304
60878
63586
77557
54515
72696
70740
10262
75877
97287
32387
62562
40083
39729
58089
64796
99856
68318
65994
56315
47822
90012
63724
10441
44963
26776
57375
1848
82161
58579
59000
54822
71554
60620
20543
25666
466
71654
29977
7338
48542
71458
17978
69879
23009
55667
97501
78310
92590
61175
55109
81863
2128
52984
62308
71655
92412
805
32058
10265
97212
33428
39185
59438
10293
85001
69121
90668
47074
64675
23698
62848
21268
60291
98161
1428
91142
74474
10491
92395
1173
44367
53744
38986
7390
86638
66678
31675
10840
43400
20096
65461
15938
32327
38831
22184
90233
70894
35422
75883
19771
40452
74123
19500
36574
68774
46023
27083
47646
76104
34461
74962
71788
40243
47653
99126
45991
46986
21404
87115
2595
94230
45755
90622
11202
5644
68301
75774
43573
87136
89734
87800
85684
51909
21208
13377
19982
18306
57591
11623
21996
18479
16982
7750
84360
83046
22188
24569
70032
67612
69230
71091
63624
80784
92372
63445
29724
40242
74592
32921
12208
53275
49492
54928
40868
78794
40131
42085
1353
77170
10975
30489
39682
82129
28916
73850
33964
7760
17576
27100
83672
96921
847
39281
15961
51296
20795
40661
53186
30600
63528
46440
1236
39353
15598
84807
23998
77239
8318
1040
78388
4307
27600
72896
73604
96387
73681
55317
63419
6669
44136
395
79479
47029
13952
80317
80904
18451
58543
31967
77517
60678
72874
59593
26719
94748
9797
59976
77598
95834
79006
61173
76872
7217
80870
73193
36622
96100
71546
65878
2813
49729
10961
45671
3451
29850
84450
41395
56052
10109
91561
85392
571
29975
10189
87799
69217
87548
77965
73298
3037
60833
52135
56238
38946
79342
6686
11564
97400
63374
79887
34714
82609
31173
60139
74369
19496
38910
43506
75412
66158
61904
34779
68498
50476
44883
59689
31017
96146
89466
20372
43795
93596
50202
15826
70551
36085
51359
51704
37779
13977
77659
15909
45189
85294
73079
80374
23532
59829
45785
96050
62787
91031
98090
28744
20093
84366
42435
38956
11859
15003
87215
55921
24458
62581
70169
87313
96671
47643
31499
39366
44498
84687
92306
62919
41026
97398
21397
29966
17962
79179
59941
80743
55755
59676
827
92795
39790
45084
19597
41739
9483
66357
81263
88205
43243
95452
13262
83953
76682
77757
64217
34917
74967
43218
48769
93576
34830
996
44644
73588
10815
49173
88783
10958
59497
86092
32862
10974
38297
4428
5505
6808
19682
42828
95157
43388
84990
95450
85444
69775
40646
10985
91733
9689
62642
94482
3835
95650
34514
91783
1318
73242
30346
72976
16100
94136
43646
48390
32074
75949
8402
33421
14544
96176
21196
49944
39427
87737
32371
5008
42430
18174
12634
78722
58751
92806
1740
35778
97829
62331
37260
63030
48248
83468
17303
83801
57272
98056
5534
85425
27906
75581
85891
81390
93708
74322
24628
67589
70062
17542
67837
76374
96534
62370
86819
93645
89792
10209
23048
59963
91496
70777
10396
83740
50229
91887
88391
39256
55631
92341
27368
58556
51725
84276
66147
81144
48021
53029
320
99911
34926
33331
38672
66460
72927
20354
51401
3983
58608
12361
64783
97751
12112
21847
96585
65244
16938
76784
49739
4484
85701
63729
31878
68501
37536
97800
52667
6984
331
10892
40812
22039
45530
90932
36799
97118
41455
85540
50233
11415
54508
74290
15369
97167
29107
41303
50400
9072
76918
44447
52071
52872
3423
4528
17433
44382
51669
54905
1364
57207
42243
89594
14770
91329
35746
73128
61378
45500
25424
41219
43902
47023
80004
83761
17782
53165
83769
72626
1600
94233
9935
81551
96696
396
53140
50187
93222
91307
1866
353
78168
8955
15769
23618
75675
1954
4357
76268
55242
52605
14578
3494
35295
90409
13832
92307
12044
9182
65704
94636
52069
24695
18763
44754
58883
36254
69861
41406
53351
52057
49382
93243
82013
46666
5687
43247
26066
17383
3874
66155
97646
50593
59390
4595
99429
76753
52306
7073
63983
48168
77503
45104
54662
97706
32697
39313
58112
95433
16587
87184
28619
34220
10379
257
65103
23316
2089
56079
76387
62533
42030
57918
2071
1313
16494
1387
23505
50260
80216
79122
53162
42543
65711
64281
65994
70004
63189
21463
61878
9810
40298
56995
61450
71201
30341
9143
10860
59051
62416
54924
13249
61017
18256
79603
76716
19183
20859
49662
55552
35484
94554
90714
92794
82574
18541
43343
3620
70131
48688
8485
55643
84449
80628
58943
8126
54720
84550
4597
76546
21411
20394
85976
58106
90835
13947
69474
7353
48266
42267
23841
25275
25350
16537
80370
15904
8190
88693
98284
12617
59228
33487
69741
12753
72085
40912
39369
89002
98246
87423
99836
71817
49962
3819
6041
58030
18513
56812
61511
35158
15224
14094
42463
49371
20396
29612
48697
12233
11045
24784
1176
38911
56661
46243
83132
38087
81612
12512
16987
59991
94266
56303
9811
88877
21337
95936
79207
47837
96554
15276
5131
34682
96868
49901
75641
30286
99683
13842
62664
40333
33302
71395
54806
20419
13832
1795
86770
9773
74341
62318
66214
93345
28146
58902
27386
55424
46530
81251
69782
16532
15485
89761
30336
23376
81005
65247
21491
72286
17012
30137
47546
65663
52095
9150
99022
10736
47121
20694
80448
72953
18257
88325
59474
23872
38424
79256
98470
51124
40061
29708
80495
81777
86754
11064
68106
95549
71273
2691
50458
64016
10363
38821
41204
20566
24538
96103
49906
1942
17581
40668
12965
1084
93740
8435
54779
93573
43655
47599
24404
61138
80895
92063
27779
20160
90744
23387
46564
18078
42282
38695
69317
38180
68594
17296
88098
13882
23963
37224
12684
61066
24513
74174
74139
97525
78038
49166
42587
46852
78292
15695
4836
29160
42543
9656
94596
38564
78777
23609
57543
9815
69138
36949
1706
14342
80011
22955
31466
15173
57175
48183
25913
77201
33770
2495
16635
30010
61383
33322
85968
81206
7445
2175
94986
19219
22741
39997
17815
57549
88579
29243
91943
88535
11007
10084
73840
45165
20113
2823
42360
44174
66062
60860
64979
41062
74846
4232
8688
59683
62542
28844
86874
85138
370
51703
93025
71097
71307
26838
29493
25024
65201
56489
32464
47645
52605
71749
88311
68396
14844
31968
59054
29879
77859
33687
36697
81110
25803
42282
62379
79004
37995
38057
12162
31078
21522
54077
67556
27029
36709
98565
35666
13059
57673
69926
46176
18385
8764
88472
62769
67011
42748
18115
71414
80230
70007
29779
1364
80986
71335
7070
73703
83405
81171
78
6177
31532
81747
39429
88016
47994
28605
12862
63751
92103
83532
56419
35422
33897
56030
66327
78292
88214
61627
35779
22643
70544
72689
24901
41501
80970
57899
98399
38874
78999
91125
93578
58169
37515
40535
1066
50832
59645
88183
16552
20112
39842
75711
17505
15853
37150
64313
88910
77792
64230
96313
9462
18618
68934
27566
86594
96117
37866
75674
94521
20191
10582
13011
57330
72922
81820
89087
3619
43041
65049
36002
97387
62247
49234
45033
34548
24508
53758
91890
1655
45298
8028
93160
69049
44983
91601
83938
96757
63377
44262
89632
23242
60420
70537
86782
11627
2281
17958
53918
54447
80417
78893
92334
58112
97565
50543
76779
41418
10002
69988
31774
70728
78091
42716
76578
84594
85608
76987
51908
63857
78989
64696
65685
91004
38106
79882
83911
47284
6861
26196
34214
98893
45610
58079
45525
5921
56108
96490
66394
35751
97669
89214
68810
38280
48096
92920
51316
87849
39985
74516
85315
93691
53922
26540
15111
49989
86463
4852
59898
38020
41341
22523
64242
71893
11024
76668
76600
80104
59940
53654
80272
57387
26312
52814
58072
86551
7871
36825
4346
10083
36399
76353
55157
68220
87413
41545
94630
98897
71220
35409
50372
77951
23335
7680
37628
87745
11559
47749
47505
24667
91667
24505
63732
77433
47446
5076
90097
24478
33158
72543
9515
4372
2105
6733
96157
27163
21323
75451
76254
83063
66582
10603
5289
46577
47131
52167
70670
76503
6107
48439
98453
49302
34096
56360
83553
37367
48566
52497
66616
10342
32304
56746
38827
33481
74180
97844
94304
41525
8130
54633
12333
5409
42082
53617
56256
43715
8926
86017
6113
3275
43969
68734
7513
27963
53968
12756
27482
70228
63414
31582
93421
56028
28393
23814
82794
63171
71598
37960
67132
95047
25592
36531
42913
73140
96469
19354
15523
81501
31028
8650
87436
49975
81220
37251
97555
16507
61196
67049
68075
98037
75755
12537
52202
88664
44704
16319
57158
51512
68455
1708
98677
19788
73019
61673
24639
455
26938
66984
20179
63210
62521
89685
57300
82078
37250
76418
59895
50199
45144
68016
97845
80052
49263
78586
63600
2145
61857
66170
26224
9270
25459
15991
39200
79541
45787
37632
15542
79531
27908
19311
23048
24994
2341
37340
89710
94725
5744
79144
96869
84060
83967
10257
58137
70087
91217
49965
95203
94382
98187
50669
54520
46003
17670
54334
51821
52426
90904
44258
37014
28058
66486
64903
65001
28692
1341
11524
81752
14889
92950
26675
39988
65370
76477
20456
11519
14705
46855
83998
81337
50310
82274
80122
11434
18558
25852
45822
11574
40317
94038
4007
75587
47110
13404
66114
38933
689
10057
33001
12689
34593
1181
33878
82258
37871
62348
50403
18271
60469
93275
99565
24630
78844
44274
95689
79947
22567
90535
98756
80256
97047
68164
58551
35900
34583
33651
42599
4204
49697
91495
13849
90042
8505
28270
49885
20524
75530
27723
37113
1455
76583
80053
40511
65754
3990
73040
88551
20434
36092
83860
59616
82310
45381
69853
26725
53019
41662
71038
12437
97508
59037
73723
1091
69211
48745
53598
28083
51431
29760
80498
80932
67915
14201
4446
7757
56722
82793
17552
73962
36588
53325
77033
39900
40385
69766
14974
82272
65448
47934
17015
75119
42414
92598
37423
88003
92250
56598
34475
75002
72219
70188
58390
79959
78868
35338
46976
20605
7821
6543
1066
4373
36984
39835
39547
42817
82229
3529
82921
80445
31132
83572
31240
89279
44144
70203
28409
76645
31203
13296
71459
3320
61627
13965
53039
40872
53820
22832
55708
74444
5428
78421
75435
21214
91913
78778
88476
9738
55670
42131
82581
90529
6814
9230
35164
48709
10526
8221
57485
63782
8219
71802
46406
2837
35084
22190
7487
64103
24396
61289
93499
38882
75841
43500
38940
70278
25583
74966
26913
50968
72146
64087
35106
58148
84853
40755
55718
36413
39716
11128
24866
41843
35426
81230
58784
52670
41003
12601
67762
92765
93607
16053
45837
43361
30002
51173
25974
41573
55860
1956
61705
910
83875
6443
20840
20493
22399
94829
41747
315
79143
12810
37014
26587
22075
71861
75200
5870
98126
84098
92413
12339
76042
15590
13941
75267
26287
98896
26018
70125
47973
5493
24616
66348
39281
49376
36741
46627
65207
42416
24630
96881
17656
97758
69637
90838
23693
75372
23265
82771
60413
64248
49941
53693
36810
87886
96924
13837
84965
1481
26999
27169
30692
11271
60391
56252
13351
31087
33267
37878
70274
10683
9831
31820
38043
57331
2300
54269
4523
26232
73824
21504
49724
69756
18861
16033
87308
14064
30183
94579
6025
51264
11606
99487
92255
23940
74539
64821
25042
74055
50393
16617
45373
89700
63506
98569
88411
13615
28733
21536
43763
44641
55479
3746
42153
91668
56070
11152
61842
11133
25051
85704
66549
79201
83874
3728
52501
11000
6472
96235
78671
25513
10545
98479
77883
57217
37945
99761
42275
29642
47189
16967
58798
52229
16719
20694
42272
79330
67507
56952
20836
61975
19876
2342
98905
34931
70758
34125
68645
12197
44164
81617
79831
22656
64987
53610
49538
30639
49996
15811
54595
56075
70433
70934
31950
98418
32941
10344
40007
27461
88435
60469
77273
80118
11054
18261
27925
77420
70636
9663
33124
91959
23706
89310
77045
93623
91487
38460
71510
33168
35087
57976
43237
72536
17530
62016
59141
75897
9210
15450
89425
76950
31298
94265
20940
86181
8282
94598
41517
57575
21832
85279
91944
48533
48534
14043
89187
14805
40224
85831
43874
85166
39288
77496
11957
6390
11553
92962
30384
71480
33582
46626
93564
37447
30481
17310
15650
13183
98037
45685
38289
16089
94568
87399
63251
63915
99770
38816
7748
43081
87915
1112
16484
49178
14880
3601
4657
9692
6421
59022
77185
72545
84128
60746
69560
37071
69793
9511
86524
16600
53155
74756
86621
85316
92862
76661
17410
70861
45045
22232
58588
85186
31186
53399
73256
67455
6549
19593
27824
47318
71020
76534
46409
18759
60832
29572
47475
55492
60052
61922
64531
79419
86778
76605
10649
73894
13831
75415
22930
6503
80083
31448
47857
4386
29519
71664
89815
30819
43974
21189
52990
11698
87101
3819
1853
70324
28623
62386
74669
35065
92266
41384
16746
46094
88972
62887
3698
30463
44027
37679
44722
96644
72441
77500
37010
17225
35196
73430
1936
92038
13309
90806
28547
73082
84169
39123
74124
90949
41790
39178
61096
83453
20140
64051
75559
89047
57571
88268
54942
84888
86370
28022
56295
77516
27554
38421
56551
87994
49226
89328
71852
46769
20093
25685
35601
36865
50680
25701
17880
81431
4659
43589
22410
5114
62309
88289
87903
47798
87929
68417
14673
10109
46720
89342
97260
97084
19212
30666
43210
74735
57903
17397
37340
70774
75040
79978
99203
61707
72535
1362
60323
63452
87125
55092
47873
60738
32449
89434
8644
86937
77038
35783
22243
41150
23458
38072
73492
28397
28519
56479
5545
41439
14429
91215
41750
51208
90893
72604
37940
47009
17235
44491
93276
56373
90254
18285
79620
40965
11319
27706
84735
12
22462
7569
56742
48208
92419
76477
88747
5398
78517
39041
27324
74527
23107
93637
9393
73402
40916
47546
22486
1926
2684
66903
46713
66688
79883
18767
28455
87972
99795
51403
5629
58216
39358
71569
19559
28746
67631
43944
78592
24665
64522
84474
95133
4065
37605
63163
81400
38662
4380
49222
13232
93357
4547
12332
64756
72222
9393
33162
55424
31911
8733
29066
441
60769
21495
73374
83587
43084
29916
55519
70541
14102
17148
50466
90178
97724
67786
48784
60230
50472
22416
84309
7812
39404
77580
40016
80156
7090
6169
99346
90439
43323
89693
97687
72796
29347
68549
21630
74701
36583
8950
62209
37335
43868
3756
16401
23788
13603
49585
64191
79910
30674
45376
68952
91136
80534
87755
84834
1261
62984
16486
8190
99130
8038
97952
36274
94845
81482
40058
53049
34897
47947
36887
52349
25140
35385
58909
93900
59276
32178
39032
68384
66393
67235
20683
94918
7239
25619
73232
19994
28208
32349
59625
11160
54696
68335
24978
81736
60188
17282
66223
36055
699
67106
59580
34948
15434
29562
80953
27891
82138
76125
33874
16877
98561
24968
50723
6199
47728
22294
27316
78455
52156
44719
59198
73455
4388
78633
11324
99537
83170
58360
98583
98501
88184
88973
56839
12948
55266
53583
56754
51408
20556
63720
9649
57299
88640
53032
66365
26411
87186
29718
90229
59803
91850
7956
95537
19246
66301
28858
78642
44797
52268
16118
13281
364
27758
66400
78268
97971
79348
90647
13429
37824
6618
45072
72040
90023
32013
65578
81238
69535
91509
99542
47279
56077
32018
27762
1366
93261
41627
38582
89305
8170
41200
27836
31909
42085
88236
37432
76539
70768
17255
13468
18218
31177
73360
75996
17325
35295
98068
39435
26670
45143
15916
71197
12007
81812
43374
70916
5861
3982
45719
89537
29492
52410
7196
43637
18016
85254
24263
35674
413
28320
53154
32637
98966
87797
70165
5628
52480
82833
1277
8027
79266
11923
30520
67387
60260
14707
23202
80320
38102
21282
95214
32004
82918
10761
61795
24588
46377
8701
63378
63072
84776
12801
80364
48239
86199
62245
82235
31636
38406
15922
26891
23565
47477
87141
62172
55280
69491
79687
54731
7010
46964
96573
63542
95963
98562
17259
64504
39823
54728
69509
38004
92841
73640
99818
80837
12602
39067
95795
73932
19131
53013
95204
70835
25936
51288
9955
51494
43069
70816
2743
56661
1132
73403
89269
94469
43615
53366
26576
99486
2960
21017
54238
87503
28186
12042
68556
36820
87579
43704
67272
28679
25657
27904
20044
81679
82939
66642
23801
45260
28491
4439
7864
34916
52618
50606
37423
59363
953
44663
94097
92444
8557
37996
26154
43873
31996
58381
83148
86297
56224
91496
5071
2394
28154
67192
91046
28688
18935
76179
57140
48526
60470
69583
76755
76640
87050
26106
59036
57265
86151
10868
89824
13179
1042
66115
33259
83518
87760
56066
37928
39917
87440
40474
31754
79255
60977
899
72835
92798
23753
67515
16255
14201
46859
33953
43355
18831
24343
88915
33025
90281
37311
68144
41170
53411
59457
84219
69949
59168
44472
36923
65070
38474
80459
5555
3315
33480
15681
47268
91283
40956
80534
29516
98814
38386
20897
17178
70947
11971
19351
58279
58940
11326
39363
16155
29944
2852
32933
43400
39317
59914
36866
71065
50103
11157
94701
4307
83431
61304
47704
39680
9141
81255
78712
38308
44942
23762
28669
13404
98073
40860
42767
1254
15051
32077
13643
98029
37232
17900
81801
51980
38262
61882
84382
67265
21621
73027
6277
44538
70879
31589
2400
52670
63565
45662
61242
57681
23313
51792
23574
85906
99909
89606
23504
7615
12943
29557
88951
55806
84600
54
29593
57283
76122
12750
52593
60213
48621
744
17006
78027
98443
23667
30065
9693
4305
72045
77342
29598
37231
6898
73367
27530
78909
62113
12696
59304
62748
63689
85484
92446
47563
23533
16228
99832
54653
34436
61374
50787
34281
40664
26258
94218
93201
81422
79812
12638
95372
6468
40921
72228
1892
67750
67908
14986
39286
21878
61646
25987
4452
44386
12344
17614
29544
91350
42779
9417
6753
22883
12431
82787
14585
17928
71459
67379
99779
62029
52710
6096
11120
1497
95987
53616
9328
95434
10080
659
87381
48658
4724
71846
79141
7169
73824
75876
14915
32414
7977
84683
52408
50622
44671
72254
13526
71829
12407
72481
40397
64988
81942
31231
30619
28949
71757
26075
38906
23926
25555
75155
9774
31194
68701
28236
58596
80653
4202
21365
10057
64898
99421
99179
3362
27191
72312
45981
81019
62968
78365
93793
89576
9793
49525
60305
30761
2855
97312
21172
83431
63391
88498
37280
79143
79706
48277
39454
69683
24135
2463
87147
89962
12672
31375
90951
61160
56765
63064
39911
47518
57389
63865
96768
26844
77535
90746
54191
47995
28175
23436
19053
54519
9215
92565
4851
95185
81843
48444
23651
37356
45579
61435
94380
72428
69405
30297
43398
8035
74819
30333
80573
18266
43505
55568
1486
7401
15526
32202
14845
14790
51837
467
91710
23352
33600
46496
75675
96687
34858
83582
84229
31547
80035
26707
16003
90884
25793
37991
2519
39177
95772
25829
60608
96667
67743
699
3760
65910
25513
54572
58093
86028
21757
45911
81364
75365
80193
66861
16837
13642
79765
22499
38340
34613
59531
34663
22757
75737
85106
83075
46882
16170
43055
11401
85918
55707
86653
65423
23775
77063
78393
7516
81778
37663
38738
78233
17604
62063
48049
96779
47299
23566
1994
25758
43709
56481
17094
16076
29202
43352
74202
8424
40093
65234
81901
39164
51928
41642
98374
81210
47456
28823
50371
33723
67598
79599
61843
35152
29650
28997
20458
87507
18394
73137
5771
42723
99628
88428
72546
68060
68783
45682
94321
10212
5603
50305
30611
76096
74823
38268
39968
70772
87750
47032
29971
22574
55577
68858
80981
55326
99640
67669
84440
39440
98897
61627
50092
20104
16060
10349
43299
20640
12251
77243
6476
2538
95981
77284
84721
82128
76508
92808
78907
42639
96313
43187
16774
66252
93340
3800
36368
24562
54649
76167
97981
95106
15003
59265
26513
49905
80631
23548
46866
16482
17042
75805
66315
31400
93381
3143
44391
47029
57401
42059
56515
86184
14231
43723
17550
97624
4736
27961
57634
44448
56161
31364
8191
77352
45128
91908
63189
95855
33422
22172
30672
44652
42174
53642
67011
52904
92407
68087
55112
85800
12395
74113
69083
20551
6811
78815
76062
79241
9968
75764
54461
35196
71987
95710
93151
86901
81230
81296
54019
86001
45059
53117
30220
82174
28786
30105
51197
16894
56644
9212
30874
40247
35690
81706
2574
63426
31235
56838
45183
12888
10193
52795
56394
48440
94437
63358
83054
76931
23046
27983
53510
55312
6580
64068
6549
86487
96433
89536
29116
33642
5657
71554
56467
4254
10588
11702
17068
37083
7969
91298
29814
73880
63384
10890
18975
55288
497
37931
89286
35039
72905
31906
33108
51284
75015
42884
71559
20215
98627
11471
83265
62173
54451
71751
3229
46545
93741
66692
50766
8158
66896
63913
38565
68296
12984
9320
51792
42139
11930
89647
63
78682
62154
92573
29034
72679
56840
88787
6418
80199
36696
32991
34474
52876
98021
24642
19454
9064
58698
73515
52519
18698
95895
83051
83320
53753
36703
70036
29797
13801
62741
13937
54476
34386
48358
73886
25070
93190
77592
31753
54651
90121
20003
98321
15626
66888
90464
47656
56115
26224
60158
82905
31376
54761
38783
24389
81916
3923
27523
75914
76839
38515
48735
2482
74634
53751
89436
87918
30744
41029
89159
31278
52393
84721
19638
92231
91518
42369
75897
87389
4379
4152
8270
86938
25357
41550
653
1015
82476
38165
47223
97470
17880
25157
88839
36913
56431
88379
16322
22758
4086
49728
90244
53352
86959
49398
34745
70623
16128
9742
52278
7155
59693
23067
56184
21067
16450
55924
38998
65355
29551
50912
56893
75237
96023
6899
74340
7121
64100
17609
86395
25433
55462
55999
15568
67006
93816
53416
64041
13938
92781
69364
48606
90731
11220
42807
88799
96609
74258
38521
45750
32491
99364
83776
31485
88702
68937
23199
69209
51880
50739
38958
97624
41583
86675
79759
63775
54306
42140
47794
98972
53676
48791
6323
95865
34028
34587
86231
6284
87696
41574
59192
91112
70962
98939
49042
64427
22494
11019
27926
70532
82462
91857
2337
86608
31512
51941
5378
91294
510
41122
87160
35254
34816
46086
2406
73114
64376
60261
44506
52611
13117
84556
38847
63413
57062
30016
94340
90085
36039
26187
46525
33661
9903
40273
31138
27997
18566
23443
41055
62860
47131
87082
13550
34440
28967
50439
99397
49077
57315
14010
20015
66434
97048
45535
92613
82282
45252
6244
14205
56177
95197
49698
86165
18813
41267
33122
43001
13631
14631
61420
55642
84093
44053
58221
18533
98449
55215
87412
28032
71069
27025
34372
38836
44446
96074
28193
56158
69380
81279
39522
32140
49434
70216
19133
6511
82384
15059
11379
99723
7119
27596
59945
2322
66627
11697
58118
98486
35173
87168
84452
30953
42917
78452
64165
79126
82257
49532
77561
29876
7633
3064
64744
95705
50043
484
95736
5898
47712
72526
61843
74766
61456
92954
67125
58973
52326
3827
15899
49256
70267
68252
10017
18568
23455
69423
58580
58259
8409
38407
54256
21345
25215
26086
62154
86976
38801
74394
59552
68081
12590
20325
36018
28737
13425
34647
29536
81513
87763
2048
36595
16748
87330
17371
47754
6263
38603
10875
63064
63218
53308
82083
873
50610
56258
65079
72472
92006
81206
43567
197
60640
44222
46601
64528
7911
78076
8134
47392
97184
92167
31493
83501
65672
70398
25794
16795
85445
77014
81596
92369
10156
49295
9329
83382
23375
88115
81363
84096
48631
86948
5396
11217
70654
60555
99302
33106
55473
60020
79660
21741
34790
7701
39321
84183
74436
37817
83828
41996
85739
80655
52846
74210
77730
46145
26374
22692
14550
98094
39765
86851
63488
551
15589
7209
39231
90819
44395
78359
75517
11344
41020
58535
68896
67086
28259
58415
55161
19327
96177
28077
72325
53478
49787
39404
47343
24849
96789
86079
6354
29053
77086
20893
3531
44263
87292
67892
66160
13138
11391
86946
67800
47090
35530
5577
69038
88541
83772
28021
98582
97014
17269
24398
57009
73038
15382
49564
84371
89466
48254
67460
7545
15838
48666
47884
26722
63273
12379
20318
58378
36240
24803
69010
95907
8724
50383
95170
3382
29967
64752
14559
67638
74386
51884
80295
73877
39384
13672
46442
45593
83337
82048
405
3798
37933
2531
26165
57866
36183
88458
29019
2173
84173
86356
40702
22854
65074
51394
32258
86107
41648
48150
39384
24991
53716
49656
72761
17341
27560
8615
60596
3103
82712
16746
84392
44346
9035
92454
37419
69344
18815
85187
95489
47757
91662
38812
29537
5932
17338
67595
9754
13021
44883
21377
56641
20913
71338
44107
32793
19992
38068
98559
35623
74422
70719
33027
91377
11408
29248
12414
63026
87782
55705
28426
16708
30012
377
86934
5494
43075
14859
98714
63697
19606
66170
14757
90068
42071
40144
98704
87333
48572
61576
73767
62928
12036
7801
75964
4090
86930
2335
12262
49707
20331
14984
53737
79539
24319
32481
43510
29575
28536
55173
97703
52406
5843
13840
16378
36520
8254
73035
20862
281
28536
55399
30304
32805
35550
67402
43403
88121
58778
2113
65852
41160
66263
7221
91401
65377
73337
12095
84300
9147
42668
10323
39546
3569
55283
87887
45338
75928
2591
79907
50197
5035
7251
17285
59335
93145
10685
71721
42048
54208
24818
47987
80728
49910
59794
67996
23093
37482
29812
75367
61066
70366
80717
66261
69284
93788
98509
90099
48421
46430
99503
56016
32285
73703
43894
18216
64180
84474
36677
96089
36988
30734
84996
99193
45405
99976
71156
96717
48963
30786
99948
93493
48178
28377
18593
63806
40467
38005
85653
28545
17072
43379
2806
48517
68434
28165
50756
36821
68323
81399
65394
47232
82987
69168
89528
52554
54037
23045
27773
57718
31735
65491
80513
6953
80408
67640
28958
61161
80662
51016
76687
68918
42230
2603
31258
78140
63013
24646
42477
36208
39114
13173
96232
84287
14797
5040
97010
81860
78836
50187
45362
65290
56224
85247
79069
98440
52963
84114
14564
1707
52590
82946
29549
11296
16931
98178
85429
20105
84188
80265
167
89054
41552
93509
94004
93688
60065
39471
61091
62713
45927
23297
20834
99553
80660
30213
68243
94699
13716
96605
74670
93155
48539
22713
88854
7026
49511
18930
84899
12752
11420
9722
21465
23061
61858
8954
23765
64996
67825
11109
2614
99229
80642
44548
20499
98611
74136
73832
25516
59176
93915
8195
57663
9527
12238
80888
91969
63509
71350
51509
97943
37280
90855
18776
1180
42361
79424
97772
90803
17323
70201
44860
45255
56059
91999
23216
66342
8888
21383
1165
507
4604
20446
82377
58914
7492
10933
32679
48118
39405
88015
43927
65233
8817
83488
51124
44238
76792
5394
68134
64376
93382
4006
15679
75007
755
55319
26290
42145
80883
14503
82894
41176
30085
81143
91704
62073
40548
93587
64665
23034
40843
70151
68091
60769
7726
25398
68436
42559
12041
27462
26276
9560
16265
4775
61461
38473
52462
17379
90590
62937
58957
6211
87409
10987
54946
26948
51301
25028
78847
95143
90638
19271
7375
17021
7400
37037
49175
32710
13555
54491
43993
84309
89901
28729
1306
40695
27293
59226
25444
3224
75488
6302
59293
94424
62593
60063
53041
88178
14438
1483
43797
6333
34470
76268
53182
16334
42661
33380
71487
76791
44988
62291
18663
38419
83775
22589
40634
9117
90010
21867
34885
49203
35658
191
52310
55918
23302
83926
4542
84557
86295
39093
40061
87412
97724
93871
7454
30286
51692
27702
73282
49863
89289
82772
34753
17299
71173
93939
21090
49981
18731
47314
80389
100
96738
80308
96912
97805
78467
97572
33270
19529
33516
87881
58120
64830
69974
94574
79815
56758
69371
2716
34054
48531
57585
10608
84879
2597
45370
12359
23744
48512
26744
44787
91274
629
26319
50003
66968
19466
55854
12357
18593
40889
22179
50361
91446
50147
14520
1541
89817
25661
67255
58477
83808
80390
53659
87150
46094
4088
81974
85970
29645
96229
88704
72667
92743
54245
2316
73520
74409
40377
38344
89596
28201
23271
6964
18212
34099
94641
94399
63890
78467
33042
2795
24580
95033
54295
11797
57852
3867
50845
26292
63429
26944
72110
29178
53714
62867
23591
57548
54908
43096
3436
96625
68954
17958
94596
17751
71942
37428
21262
36655
96277
35523
36934
56574
6890
89449
25088
18349
31820
38387
15923
52508
22179
15404
37442
34543
80017
76795
84294
39192
17226
16101
77733
3354
18922
12296
63673
89195
90652
26544
95399
47817
72000
33493
74061
38878
39390
1149
11244
28877
8928
77706
81521
47593
25275
40614
58357
8656
41441
75750
92763
48303
4858
90245
78201
5203
85321
74666
25933
69637
47463
70591
38850
88094
35483
52311
48053
98360
789
27517
36791
64972
16424
92798
73370
7132
84250
51775
95602
45591
39319
38527
29680
29306
6216
11710
6841
11520
37697
73251
74168
78908
81422
99060
18353
25199
63102
81469
45158
58181
40468
8000
75206
54689
12269
6934
57366
46583
29775
69296
63968
45911
60053
84761
3203
17909
61081
12506
50934
88299
7297
41675
97584
3642
98326
61111
12294
37908
50064
91202
19521
8246
36393
89279
33501
74421
34302
28544
53171
22009
3490
47626
8732
70572
38818
99442
2670
71177
54931
84240
11328
76720
12389
86305
94369
99170
54934
24327
51400
3075
99607
22538
26849
41262
10485
22950
49435
67880
34878
33551
54771
26015
97622
71041
37076
23869
86581
17992
27054
75798
72031
94938
95929
84012
96233
19875
46770
49916
59782
62950
17637
26912
95801
58558
83847
43143
43530
48699
91168
93431
81280
33911
96253
38065
3345
33786
50824
83230
53170
22601
62164
18705
1209
84058
87029
72871
53527
42885
40123
41426
45351
49267
25263
17368
43539
7881
19359
68564
94258
96329
14148
31182
13269
62460
56072
14766
93574
44963
55372
23133
47473
91180
23921
29985
45438
9672
61383
66894
55331
96913
96669
59448
76744
96077
91692
78563
60442
76773
39919
37967
73994
30774
79037
22442
65812
32536
8691
63798
16267
72348
16710
91520
20038
32795
63338
38940
22540
20092
97871
18283
43394
76433
92075
27642
17456
58415
44694
17290
41456
6228
48595
5613
7530
26581
10466
9915
14879
65151
76857
21382
35657
24530
49660
9543
22598
36515
36134
86753
12555
39631
84869
80226
72067
30246
12515
5870
62669
16241
91209
253
1147
43546
77764
76594
92804
12884
5353
59752
45886
66964
84771
5193
47531
82937
62235
26078
424
96917
40944
61385
16938
94731
66103
23453
30456
21291
82759
18575
2153
22105
71017
38701
680
3047
90474
31646
53942
39501
38055
3580
53111
86315
70294
39805
38356
57086
71169
98262
70785
35617
90804
39168
72646
19511
84706
23114
33025
91384
38354
79069
19065
15382
64148
96954
37834
56991
40988
59154
29930
25129
48858
18456
23414
94099
26073
36497
62934
64684
20436
76981
71599
69534
11977
43145
90583
11343
17832
16527
59267
56053
15114
90791
73412
58481
52905
62163
79131
32021
47076
38215
34436
58354
37529
42903
47503
47155
558
47425
24325
3873
70488
50745
13692
62510
73972
69424
42396
66935
63179
15744
45708
11477
89491
34777
41320
86488
71336
86113
2171
40575
36425
83574
16783
83386
10146
32324
72566
87940
13164
54731
5965
10938
10184
88519
13994
23746
69256
24666
11012
10746
34051
25548
99423
61758
49682
60229
15115
80872
25355
966
96650
18746
66467
5734
57133
30321
27070
25597
25924
44820
31717
72909
25184
92863
63055
32453
49023
49336
11124
18350
46268
88373
39425
62650
78183
91237
9508
20055
46537
72373
37677
99276
5588
86679
35341
32598
51237
84487
83728
52539
98388
17490
48357
18424
55108
18072
88367
92283
2154
40993
38483
67196
24754
53272
11853
47250
91769
15419
44773
5975
34910
89017
56409
7607
64328
12446
94449
92175
3271
10434
1850
86421
71692
82865
42119
41960
6709
60972
86579
93605
62498
3628
76285
41305
38393
68996
88758
62939
55881
27664
55814
36111
58941
5798
60665
84602
54277
76491
21567
77000
17129
91750
65702
36645
88416
9069
70340
83231
55869
38307
31390
83103
10554
56800
40028
81155
83227
71867
21204
77043
57890
7416
37107
30272
99395
65521
64729
67860
1784
72349
48603
86565
57210
93312
15744
93016
94967
44491
33494
23278
75066
59652
79063
41778
43725
13785
25498
91211
34173
25377
27939
32358
88871
66366
14828
54300
53454
26026
78507
71291
14700
50550
88614
24753
29470
24105
38010
29168
80297
4063
95814
62893
7274
38327
4612
77799
27254
6642
20425
38632
11973
57370
77901
72645
85987
84260
7893
40773
94671
83349
89406
72239
16522
26819
53671
40033
50004
56741
7607
50564
2134
8001
77927
83256
22264
80388
9546
71889
45410
21464
53927
2393
77027
74879
81779
87482
86700
73530
59494
37053
79595
13784
43521
98661
7884
65418
48267
41451
96371
52002
15670
68618
40629
91170
87895
88090
49499
91786
47704
36030
77052
10386
91718
65666
7078
98847
23882
60686
27508
50530
93032
33382
52312
64376
4254
52012
96769
99945
23810
77079
9549
17423
43550
71948
49709
87702
57289
29715
61405
26111
35418
49582
76668
37091
63480
73712
65155
5489
69888
81861
93279
82886
95395
42391
6114
45002
13166
91525
3217
65225
83447
51641
55891
5600
48819
34328
48616
86122
30439
96863
88370
85814
12324
54196
22009
28872
92611
53143
55823
79875
36898
94577
91326
92725
69858
95991
81734
35441
95830
62
98207
19694
99987
133
95841
26773
85860
58743
97190
97454
30465
77606
27110
93751
11362
98668
61278
99442
27798
63221
71360
99803
9014
23951
80791
76239
67725
89261
40711
685
86443
2133
86109
38294
27194
84965
56266
35547
69018
29603
22208
11110
147
52353
52476
21105
9767
13516
2366
90835
70256
22900
62713
12315
65146
28570
35478
74030
17274
92912
92041
75416
41353
72945
98816
44846
5209
54997
17663
21576
80690
69544
3095
29927
53976
87572
6920
25003
15784
15168
40550
29030
61203
10116
75545
56013
58083
7400
30124
58349
66891
91888
12903
50427
96306
46331
48270
92235
67406
50149
41480
97337
71586
51913
59684
52647
30442
25298
83798
45774
45410
24687
65643
42686
47327
83782
98790
89251
65542
3855
89332
27731
91905
66252
92936
74165
98931
90222
46285
35644
99955
29861
32506
37138
16214
71997
58481
12800
65138
38368
68061
99039
85328
94358
52812
6262
7178
71333
20744
13282
39794
7440
17118
59687
7503
65549
50270
14188
57792
21913
75344
49258
9336
47347
14476
21528
77355
80865
18108
6373
17825
54974
60940
28319
5234
12645
51521
77337
92486
20115
37119
25067
26736
59742
11411
83780
75467
113
97825
22314
25920
67200
30378
45075
81448
79613
77220
32307
65229
85673
3889
70376
10660
81786
2
39796
51001
47861
97860
20346
7224
30634
74964
78259
71353
20192
70653
55089
66106
8143
5717
61826
62539
62235
76910
84080
45249
38920
27713
2585
9235
72537
77237
19294
28400
48393
73131
48263
11998
91646
82971
40566
28057
48589
16664
22894
95347
74388
46052
56327
31306